 10 10 10 10 10 10 10 10 10 10  9  9  9  9  9  9  9  9  9
 10 10 10 10 10 10 10 10 10 10  9  9  9  9  9  9  9  9  9
 10 10 10 10 10 10 10 10 10 10  9  9  9  9  9  9  9  9  9
 10 10 10 10 10 10 10 10 10 10  9  9  9  9  9  9  9  9  9
 10 10 10 10 10 10 10 10 10 10  9  9  9  9  9  9  9  9  9
 10 10 10 10 10 10 10 10 10 10  9  9  9  9  9  9  9  9  9
 10 10 10 10 10 10 10 10 10 10  9  9  9  9  9  9  9  9  9
 10 10 10 10 10 10 10 10 10 10  9  9  9  9  9  9  9  9  9
 10 10 10 10 10 10 10 10 10 10  9  9  9  9  9  9  9  9  9
 10 10 10 10 10 10 10 10 10 10  7  7  7  7  7  7  7  2  2
  6  6  6  6  6  6  4  4  4  4  7  7  7  7  7  7  7  2  2
  6  6  6  6  6  6  4  4  4  4  7  7  7  7  7  7  7  2  2
  6  6  6  6  6  6  4  4  4  4  7  7  7  7  7  7  7  2  2
  6  6  6  6  6  6  4  4  4  4  7  7  7  7  7  7  7  2  2
  6  6  6  6  6  6  4  4  4  4  7  7  7  7  7  7  7  2  2
  6  6  6  6  6  6  4  4  4  4  7  7  7  7  7  7  7  1  1
  3  3  3  3  3  3  4  4  4  4  3  3  3  3  3  3  3  3  3
  3  3  3  3  3  3  4  4  4  4  3  3  3  3  3  3  3  3  3
  3  3  3  3  3  3  1  1  1  1  3  3  3  3  3  3  3  3  3
