c PicoSAT SAT Solver Version 960
c Copyright (c) 2006 - 2014 Armin Biere JKU Linz
c gcc -Wall -Wextra -DNDEBUG -O3
c
c using 2 as default phase
c
c parsing infile.cnf
c parsed header 'p cnf 7712 2335867'
c initialized 7712 variables
c found 2335867 non trivial clauses
c
c random number generator seed 0
c 
c  seconds     variables   original    learned     agility
c         level        used      conflicts    limit          MB
c 
c s   0.9   0.0  6128  46.8 111e4     0     0     0   0.0  76.2 
c 
c initial reduction limit 1000 clauses
c 
c +   1.2 164e1  6128  55.0 111e4   100    76  1100   7.0  76.3 
c R   1.2 164e1  6128  55.0 111e4   100    76  1100   7.1  76.3 
c +   1.4 109e1  6126  77.1 111e4   221   172  1210   1.8  76.3 
c R   1.4 944.0  6126  78.3 111e4   306   242  1210   3.0  76.3 
c +   1.5 883.5  6126  79.4 111e4   367   294  1331   1.5  76.3 
c +   1.5 902.4  6126  82.8 111e4   543   444  1464   2.2  76.3 
c R   1.6 894.5  6126  83.2 111e4   610   499  1464   1.2  76.3 
c +   1.6 857.6  6126  84.2 111e4   755   628  1610   1.2  76.4 
c R   1.7 789.7  6122  85.6 111e4   948   784  1610   0.8  76.4 
c +   1.8 792.4  6121  85.7 111e4  1011   832  1771   4.2  76.5 
c R   1.8 795.6  6121  85.7 111e4  1052   871  1771   5.2  76.5 
c R   1.8 759.7  6119  86.3 111e4  1197   998  1771   2.5  76.5 
c +   1.9 720.8  6118  86.9 111e4  1320  1101  1948   1.1  76.6 
c R   2.0 714.4  6116  89.6 111e4  1505  1247  1948   3.8  76.6 
c +   2.0 697.4  6115  90.2 111e4  1693  1412  2142   1.0  76.6 
c R   2.0 684.2  6115  90.3 111e4  1753  1467  2142   3.0  76.6 
c R   2.1 656.6  6115  92.7 111e4  2054  1731  2142   2.4  76.8 
c +   2.2 645.5  6115  92.7 111e4  2144  1808  2356   1.6  76.8 
c R   2.3 630.1  6113  93.2 111e4  2320  1966  2356   4.3  76.9 
c R   2.4 608.0  6112  93.6 111e4  2623  2232  2356   1.9  77.0 
c 
c  seconds     variables   original    learned     agility
c         level        used      conflicts    limit          MB
c 
c +   2.4 605.3  6112  94.1 111e4  2689  2293  2591   2.1  77.1 
c R   2.5 591.2  6112  94.2 111e4  2928  2523  2591   2.8  77.1 
c s   2.8 570.7  5813  94.2 101e4  3469  1371  2591   1.5  72.2 
c R   2.8 570.7  5813  94.2 101e4  3469  1371  2591   1.5  72.2 
c +   3.0 560.3  5813  95.8 101e4  3646  1523  2850   1.4  72.2 
c R   3.0 557.3  5812  96.0 101e4  3775  1643  2850   3.4  72.3 
c R   3.1 543.8  5812  96.1 101e4  4078  1930  2850   4.6  72.4 
c R   3.2 537.5  5811  96.2 101e4  4253  2091  2850   2.5  72.5 
c +   3.2 532.5  5811  96.5 101e4  4443  2273  3135   2.1  72.6 
c R   3.2 529.4  5811  96.5 101e4  4553  2377  3135   1.9  72.7 
c R   3.5 525.2  5809  97.3 101e4  4905  2712  3135   4.0  72.8 
c R   3.5 516.4  5808  97.4 101e4  5163  2948  3135   3.9  73.0 
c +   3.7 511.3  5808  97.6 101e4  5407  1571  3448   3.0  72.1 
c R   3.7 510.8  5808  97.6 101e4  5467  1631  3448   1.4  72.1 
c R   3.9 504.0  5807  97.7 101e4  5788  1932  3448   4.1  72.3 
c R   4.0 496.9  5807  97.8 101e4  6088  2204  3448   1.7  72.5 
c s   4.3 487.3  5655  97.8 971e3  6568  2496  3448   2.0  70.6 
c +   4.4 485.1  5655  97.8 971e3  6725  2648  3792   1.4  70.7 
c R   4.5 482.5  5655  97.8 971e3  6968  2883  3792   2.3  70.8 
c +   4.8 471.4  5655  97.9 971e3  8135  2118  4171   2.2  70.3 
c R   4.9 468.9  5654  98.0 971e3  8256  2231  4171   2.0  70.3 
c R   5.0 464.9  5654  98.0 971e3  8557  2522  4171   2.8  70.5 
c 
c  seconds     variables   original    learned     agility
c         level        used      conflicts    limit          MB
c 
c R   5.2 458.1  5652  98.0 971e3  9174  3103  4171   1.1  70.8 
c s   5.4 456.6  5652  98.0 970e3  9363  3261  4171   1.4  70.8 
c R   5.4 455.4  5652  98.0 970e3  9474  3371  4171   2.7  70.8 
c R   5.5 454.3  5651  98.0 970e3  9668  3562  4171   1.6  70.9 
c +   5.6 453.5  5651  98.1 970e3  9841  3730  4588   1.8  71.0 
c R   5.7 452.8  5651  98.1 970e3  9970  3859  4588   2.2  71.0 
c R   5.8 452.0  5650  98.1 970e3 10090  3967  4588   1.3  71.1 
c R   5.8 449.3  5649  98.1 970e3 10295  4154  4588   2.4  71.1 
c R   5.9 446.4  5648  98.1 970e3 10486  4329  4588   1.4  71.2 
c R   6.1 442.8  5647  98.2 968e3 10852  2331  4588   2.2  70.1 
c R   6.2 440.6  5646  98.2 968e3 11086  2551  4588   2.2  70.2 
c R   6.4 439.6  5646  98.3 968e3 11386  2835  4588   4.2  70.3 
c +   6.6 437.7  5646  98.6 968e3 11905  3336  5046   2.7  70.5 
c s   7.1 437.5  5550  98.6 938e3 12082  3379  5046   3.8  69.1 
c R   7.2 437.2  5550  98.6 938e3 12187  3482  5046   3.2  69.2 
c R   8.4 427.7  5550  99.6 938e3 14189  2893  5046   3.7  69.0 
c +   8.5 426.1  5550  99.6 938e3 14498  3193  5550   1.9  69.1 
c s   8.8 419.8  5549  99.7 938e3 14942  3623  5550   3.4  69.2 
c R   8.8 419.4  5549  99.7 938e3 15043  3722  5550   1.7  69.3 
c R   9.0 416.1  5548  99.7 938e3 15445  4111  5550   1.2  69.4 
c R   9.2 414.6  5548  99.7 938e3 15747  4406  5550   3.1  69.6 
c R   9.6 410.4  5548  99.8 938e3 16551  5203  5550   1.7  69.9 
c 
c  seconds     variables   original    learned     agility
c         level        used      conflicts    limit          MB
c 
c +  10.0 405.8  5548  99.8 937e3 17519  3360  6105   1.7  69.0 
c R  10.4 399.3  5548  99.8 937e3 18563  4382  6105   3.0  69.3 
c +  11.6 391.6  5548  99.8 937e3 21174  3903  6715   3.1  69.2 
c R  12.7 385.4  5548  99.8 937e3 23383  6094  6715   1.9  70.2 
c +  13.8 378.1  5548  99.8 937e3 25596  4927  7386   1.8  69.6 
c +  16.2 366.0  5548  99.8 937e3 30946  6531  8124   2.8  70.0 
c s  17.8 362.1  5434  99.8 904e3 32596  8052  8124   2.7  69.0 
c R  17.8 362.1  5434  99.8 904e3 32596  8052  8124   2.7  69.0 
c R  18.1 360.4  5434  99.8 904e3 32897  4254  8124   2.3  67.8 
c R  18.1 359.8  5433  99.8 904e3 33003  4351  8124   3.3  67.8 
c R  18.3 359.2  5433  99.8 904e3 33305  4648  8124   2.8  67.9 
c R  18.7 356.7  5433  99.8 904e3 34111  5434  8124   2.0  68.1 
c s  19.1 354.8  5433  99.8 904e3 34821  6126  8124   1.8  68.4 
c R  19.4 352.8  5432  99.8 904e3 35535  6831  8124   3.7  68.6 
c R  19.6 352.2  5432  99.8 904e3 35835  7127  8124   2.1  68.7 
c R  20.0 349.8  5432  99.9 904e3 36640  7922  8124   2.9  69.1 
c R  20.3 348.1  5431  99.9 903e3 37225  4399  8124   4.1  67.8 
c s  20.4 348.0  5431  99.9 903e3 37247  4414  8124   1.9  67.8 
c R  20.5 347.0  5431  99.9 903e3 37525  4685  8124   2.0  67.9 
c +  20.5 347.0  5431  99.9 903e3 37532  4691  8936   1.9  67.9 
c R  20.8 345.4  5431  99.9 903e3 38330  5484  8936   2.6  68.2 
c R  21.6 339.8  5431  99.9 903e3 40341  7474  8936   1.9  69.0 
c 
c  seconds     variables   original    learned     agility
c         level        used      conflicts    limit          MB
c 
c R  23.3 331.7  5431  99.9 903e3 45154  7766  8936   2.8  69.0 
c +  23.3 331.2  5431  99.9 903e3 45364  7976  9829   2.1  69.1 
c s  26.9 319.5  5429  99.9 902e3 52708  5446  9829   1.6  68.0 
c R  27.1 319.3  5429  99.9 902e3 52809  5547  9829   2.4  68.0 
c R  27.3 318.8  5429  99.9 902e3 53120  5858  9829   2.2  68.1 
c R  27.9 317.4  5429  99.9 902e3 53925  6659  9829   2.4  68.4 
c +  28.4 315.9  5429  99.9 902e3 54841  7575 10811   1.3  68.6 
c R  29.3 314.4  5429  99.9 902e3 55932  8663 10811   3.0  69.0 
c R  31.5 307.6  5429  99.9 902e3 60743  8051 10811   2.2  68.8 
c +  35.4 296.1  5429 100.0 902e3 66306  8110 11892   1.7  69.3 
c s  36.0 295.0  5428 100.0 902e3 66959  8736 11892   1.9  69.6 
c R  36.0 294.4  5428 100.0 902e3 67061  8829 11892   1.5  69.6 
c R  36.2 293.8  5428 100.0 902e3 67363  9126 11892   5.5  69.8 
c R  36.7 292.5  5428 100.0 902e3 68166  9921 11892   2.7  70.1 
c R  36.9 292.0  5427 100.0 902e3 68422 10173 11892   3.4  70.2 
c R  37.1 291.6  5427 100.0 902e3 68726 10474 11892   2.9  70.3 
c s  37.6 290.8  5427 100.0 901e3 69264 10989 11892   1.8  70.6 
c R  37.7 290.3  5427 100.0 901e3 69528 11239 11892   2.8  70.7 
c s  40.1 287.9  5423 100.0 899e3 71381  7072 11892   2.4  68.3 
c R  40.2 287.8  5423 100.0 899e3 71478  7169 11892   1.6  68.4 
c R  40.4 287.4  5423 100.0 899e3 71783  7472 11892   1.7  68.5 
c R  41.0 286.5  5423 100.0 899e3 72591  8278 11892   1.5  68.8 
c 
c  seconds     variables   original    learned     agility
c         level        used      conflicts    limit          MB
c 
c R  42.1 284.2  5423 100.0 899e3 74604 10287 11892   2.8  69.4 
c s  45.4 279.1  5422 100.0 899e3 78824  8526 11892   3.8  69.2 
c R  45.5 278.8  5422 100.0 899e3 78925  8623 11892   2.8  69.2 
c R  45.7 278.5  5422 100.0 899e3 79227  8925 11892   2.8  69.3 
c R  46.4 277.4  5422 100.0 899e3 80034  9730 11892   2.3  69.7 
c +  46.5 277.2  5422 100.0 899e3 80181  9877 13081   2.7  69.8 
c s  47.6 275.6  5421 100.0 898e3 81642 11307 13081   4.3  70.3 
c R  47.7 275.3  5421 100.0 898e3 81746 11410 13081   2.3  70.4 
c R  47.9 274.9  5421 100.0 898e3 82046 11707 13081   2.9  70.6 
c R  48.4 273.7  5421 100.0 898e3 82846 12500 13081   2.4  70.9 
c R  49.5 271.6  5421 100.0 898e3 84859  7962 13081   4.2  68.7 
c R  51.7 267.1  5421 100.0 898e3 89672 12770 13081   4.1  70.5 
c +  55.1 260.4  5421 100.0 898e3 96966  6915 14389   3.0  68.2 
c R  56.8 257.4  5421 100.0 898e3 100e3 10858 14389   3.4  69.9 
c s  63.5 245.8  5419 100.0 898e3 115e3 10608 14389   3.0  69.3 
c R  63.5 245.7  5419 100.0 898e3 115e3 10708 14389   4.0  69.4 
c R  63.7 245.4  5419 100.0 898e3 115e3 11008 14389   1.9  69.5 
c R  64.3 244.8  5419 100.0 898e3 116e3 11813 14389   1.7  69.7 
c +  64.8 244.0  5419 100.0 898e3 117e3 12755 15827   2.1  70.0 
c R  65.5 243.2  5419 100.0 898e3 118e3 13810 15827   1.7  70.4 
c R  68.0 239.8  5419 100.0 898e3 123e3 10701 15827   3.0  69.5 
c R  74.3 232.4  5419 100.0 898e3 134e3 13983 15827   3.3  70.7 
c 
c  seconds     variables   original    learned     agility
c         level        used      conflicts    limit          MB
c 
c +  78.5 228.0  5419 100.0 898e3 141e3 13501 17409   1.5  70.4 
c R  85.0 217.7  5419 100.0 898e3 160e3 14247 17409   2.8  70.9 
c +  90.8 211.2  5419 100.0 898e3 171e3 17041 19149   2.8  72.3 
c + 103.7 194.3  5419 100.0 898e3 207e3 14623 21063   4.0  70.9 
c s 107.9 191.1  5418 100.0 897e3 216e3 12391 21063   4.7  69.9 
c R 108.0 191.0  5418 100.0 897e3 216e3 12492 21063   2.3  69.9 
c R 108.2 190.9  5418 100.0 897e3 216e3 12792 21063   2.8  70.0 
c R 108.6 190.6  5418 100.0 897e3 217e3 13595 21063   1.7  70.3 
c R 109.7 189.7  5418 100.0 897e3 219e3 15608 21063   2.4  70.9 
c R 112.2 187.9  5418 100.0 897e3 224e3 20430 21063   5.4  72.7 
c R 117.4 183.6  5418 100.0 897e3 235e3 10576 21063   3.4  69.2 
c + 124.5 177.8  5418 100.0 897e3 251e3 15805 23169   5.2  71.0 
c R 128.4 174.6  5418 100.0 897e3 260e3 14087 23169   1.8  70.3 
c + 147.5 161.7  5418 100.0 897e3 303e3 22021 25485   4.1  73.3 
c R 155.5 158.3  5418 100.0 897e3 318e3 24293 25485   4.5  73.9 
c s 168.8 151.8  5417 100.0 897e3 344e3 24611 25485   3.9  73.2 
c R 168.9 151.8  5417 100.0 897e3 344e3 24712 25485   2.6  73.3 
c R 169.3 151.7  5417 100.0 897e3 345e3 25016 25485   3.9  73.3 
c R 170.1 151.5  5417 100.0 897e3 345e3 13051 25485   2.3  69.8 
c R 171.9 151.0  5417 100.0 897e3 347e3 15057 25485   5.1  70.5 
c R 175.4 149.9  5417 100.0 897e3 352e3 19867 25485   2.8  71.9 
c R 181.4 147.3  5417 100.0 897e3 363e3 18323 25485   2.5  71.2 
c 
c  seconds     variables   original    learned     agility
c         level        used      conflicts    limit          MB
c 
c + 184.0 146.5  5417 100.0 897e3 367e3 21876 28033   6.2  72.3 
c R 198.3 142.1  5417 100.0 897e3 389e3 15921 28033   3.7  70.5 
c s 204.6 140.3  5282 100.0 856e3 398e3 20615 28033   2.4  70.1 
c R 204.6 140.3  5282 100.0 856e3 398e3 20615 28033   2.4  70.1 
c R 204.8 140.2  5282 100.0 856e3 398e3 20917 28033   1.8  70.1 
c R 205.0 140.1  4921 100.0 856e3 399e3 21453 28033   3.1  70.2 
c 0 205.1 140.0  3518 100.0 856e3 399e3 21649 28033   3.4  70.3 
c 
c  seconds     variables   original    learned     agility
c         level        used      conflicts    limit          MB
c 
s UNSATISFIABLE
c
c 55 iterations
c 1262 restarts
c 791 failed literals
c 399356 conflicts
c 746228 decisions
c 4194 fixed variables
c 16937086 learned literals
c 33.3% deleted literals
c 327404855 propagations
c 5566849746 visits
c 100.0% variables used
c 205.1 seconds in library
c 1.6 megaprops/second
c 27.1 megavisits/second
c probing 7.3 seconds 4%
c 19 simplifications
c 48 reductions
c 146.1 MB recycled
c 77.2 MB maximally allocated
c 205.1 seconds total run time
